44
2024 086  02:24:00.000000     116.36400      20.52200
2024 086  02:25:00.000000     116.55100      20.69100
2024 086  02:26:00.000000     126.73800      20.86000
2024 086  02:27:00.000000     126.92600      21.02900
2024 086  02:28:00.000000     117.11500      21.19800
2024 086  02:29:00.000000     117.30300      21.36600
2024 086  02:30:00.000000     127.49300      21.53400
2024 086  02:31:00.000000     127.68300      21.70200
2024 086  02:32:00.000000     200.00000       5.00000
2024 086  02:33:00.000000     200.00000      10.00000
2024 086  02:34:00.000000     200.00000      15.00000
2024 086  02:35:00.000000     200.00000      20.00000
2024 086  02:36:00.000000     200.00000      25.00000
2024 086  02:37:00.000000     200.00000      30.00000
2024 086  02:38:00.000000     200.00000      35.00000
2024 086  02:39:00.000000     200.00000      40.00000
2024 086  02:40:00.000000     200.00000      45.00000
2024 086  02:41:00.000000     200.00000      50.00000
2024 086  02:42:00.000000     200.00000      55.00000
2024 086  02:43:00.000000     200.00000      60.00000
2024 086  02:44:00.000000     200.00000      65.00000
2024 086  02:45:00.000000     200.00000      70.00000
2024 086  02:46:00.000000     200.00000      75.00000
2024 086  02:47:00.000000     200.00000      80.00000
2024 086  02:48:00.000000     200.00000      85.00000
2024 086  02:49:00.000000     200.00000      90.00000
2024 086  02:50:00.000000     225.00000       5.00000
2024 086  02:51:00.000000     225.00000      10.00000
2024 086  02:52:00.000000     225.00000      15.00000
2024 086  02:53:00.000000     225.00000      20.00000
2024 086  02:54:00.000000     225.00000      25.00000
2024 086  02:55:00.000000     225.00000      30.00000
2024 086  02:56:00.000000     225.00000      35.00000
2024 086  02:57:00.000000     225.00000      40.00000
2024 086  02:58:00.000000     225.00000      45.00000
2024 086  02:59:00.000000     225.00000      50.00000
2024 086  03:00:00.000000     225.00000      55.00000
2024 086  03:01:00.000000     225.00000      60.00000
2024 086  03:02:00.000000     225.00000      65.00000
2024 086  03:03:00.000000     225.00000      70.00000
2024 086  03:04:00.000000     225.00000      75.00000
2024 086  03:05:00.000000     225.00000      80.00000
2024 086  03:06:00.000000     225.00000      85.00000
2024 086  03:07:00.000000     225.00000      90.00000
