211
2024 100  00:00:00.000000     100.00000      45.00000 
2024 100  00:01:00.000000     105.00000      45.00000 
2024 100  00:02:00.000000     110.00000      45.00000 
2024 100  00:03:00.000000     115.00000      45.00000 
2024 100  00:04:00.000000     115.00000      50.00000 
2024 100  00:05:00.000000     115.00000      55.00000 
2024 100  00:06:00.000000     110.00000      60.00000 
2024 100  00:07:00.000000     105.00000      65.00000 
2024 100  00:08:00.000000     105.00000      60.00000 
2024 100  00:09:00.000000     105.00000      55.00000 
2024 100  00:10:00.000000     100.00000      55.00000 
