36 
2024 037  17:44:00.000000     229.39800       5.00000
2024 037  17:45:00.000000     229.39800       5.00000
2024 037  17:46:00.000000     229.39800      10.00000
2024 037  17:47:00.000000     229.39800      10.00000
2024 037  17:48:00.000000     229.39800      15.00000
2024 037  17:49:00.000000     229.39800      15.00000
2024 037  17:50:00.000000     229.39800      20.00000
2024 037  17:51:00.000000     229.39800      20.00000
2024 037  17:52:00.000000     229.39800      25.00000
2024 037  17:53:00.000000     229.39800      25.00000
2024 037  17:54:00.000000     229.39800      30.00000
2024 037  17:55:00.000000     229.39800      30.00000
2024 037  17:56:00.000000     229.39800      35.00000
2024 037  17:57:00.000000     229.39800      35.00000
2024 037  17:58:00.000000     229.39800      40.00000
2024 037  17:59:00.000000     229.39800      40.00000
2024 037  18:00:00.000000     229.39800      45.00000
2024 037  18:01:00.000000     229.39800      45.00000
2024 037  18:02:00.000000     229.39800      50.00000
2024 037  18:03:00.000000     229.39800      50.00000
2024 037  18:04:00.000000     229.39800      55.00000
2024 037  18:05:00.000000     229.39800      55.00000
2024 037  18:06:00.000000     229.39800      60.00000
2024 037  18:07:00.000000     229.39800      60.00000
2024 037  18:08:00.000000     229.39800      65.00000
2024 037  18:09:00.000000     229.39800      65.00000
2024 037  18:10:00.000000     229.39800      70.00000
2024 037  18:11:00.000000     229.39800      70.00000
2024 037  18:12:00.000000     229.39800      75.00000
2024 037  18:13:00.000000     229.39800      75.00000
2024 037  18:14:00.000000     229.39800      80.00000
2024 037  18:15:00.000000     229.39800      80.00000
2024 037  18:16:00.000000     229.39800      85.00000
2024 037  18:17:00.000000     229.39800      85.00000
2024 037  18:18:00.000000     229.39800      90.00000
2024 037  18:19:00.000000     229.39800      90.00000
