12
2024 037  18:35:00.000000     228.10800       3.55300 
2024 037  18:36:00.000000     228.26600       3.41300 
2024 037  18:37:00.000000     238.42400       3.27200 
2024 037  18:38:00.000000     238.58100       3.13100 
2024 037  18:39:00.000000     228.73800       2.98900 
2024 037  18:40:00.000000     228.89500       2.84800 
2024 037  18:41:00.000000     239.05100       2.70500 
2024 037  18:42:00.000000     239.20700       2.56300 
2024 037  18:43:00.000000     229.36300       2.42000 
2024 037  18:44:00.000000     229.51800       2.27700 
2024 037  18:45:00.000000     239.67300       2.13400 
2024 037  18:46:00.000000     239.82800       1.99000 
