48
2024 037  T18:30:00.000000     227.31300       4.25000 
2024 037  T18:31:00.000000     227.47300       4.11200 
2024 037  T18:32:00.000000     237.63200       3.97200 
2024 037  T18:33:00.000000     237.79100       3.83300 
2024 037  T18:34:00.000000     227.95000       3.69300 
2024 037  T18:35:00.000000     228.10800       3.55300 
2024 037  T18:36:00.000000     238.26600       3.41300 
2024 037  T18:37:00.000000     238.42400       3.27200 
2024 037  T18:38:00.000000     228.58100       3.13100 
2024 037  T18:39:00.000000     228.73800       2.98900 
2024 037  T18:40:00.000000     238.89500       2.84800 
2024 037  T18:41:00.000000     239.05100       2.70500 
2024 037  T18:42:00.000000     239.05100       5.00000
2024 037  T18:43:00.000000     239.05100       5.00000
2024 037  T18:44:00.000000     239.05100      10.00000
2024 037  T18:45:00.000000     239.05100      10.00000
2024 037  T18:46:00.000000     239.05100      15.00000
2024 037  T18:47:00.000000     239.05100      15.00000
2024 037  T18:48:00.000000     239.05100      20.00000
2024 037  T18:49:00.000000     239.05100      20.00000
2024 037  T18:50:00.000000     239.05100      25.00000
2024 037  T18:51:00.000000     239.05100      25.00000
2024 037  T18:52:00.000000     239.05100      30.00000
2024 037  T18:52:49.583000     239.05100      30.00000
