# This is the position of the moon, in UTC
# for Morehead (N 38° 11', W 83° 26') on 2024-01-06 from
# https://aa.usno.navy.mil/calculated/altaz?body=11&date=2024-01-06&intv_mag=1&lat=38.18&lon=-83.43&label=Morehead%2C+KY&tz=0&tz_sign=1&submit=Get+Data
211
2024 123  06:53:00.000000     102.00000      -11.80000 
2024 123  06:54:00.000000     102.20000      -11.70000 
2024 123  06:55:00.000000     102.30000      -11.50000 
2024 123  06:56:00.000000     102.50000      -11.30000 
2024 123  06:57:00.000000     102.60000      -11.10000 
2024 123  06:58:00.000000     102.80000      -10.90000 
2024 123  06:59:00.000000     102.90000      -10.70000 
2024 123  07:00:00.000000     103.10000      -10.60000 
2024 123  07:01:00.000000     103.20000      -10.40000 
2024 123  07:02:00.000000     103.30000      -10.20000 
2024 123  07:03:00.000000     103.50000      -10.00000 
2024 123  07:04:00.000000     103.60000      -9.80000 
2024 123  07:05:00.000000     103.80000      -9.60000 
2024 123  07:06:00.000000     103.90000      -9.50000 
2024 123  07:07:00.000000     104.10000      -9.30000 
2024 123  07:08:00.000000     104.20000      -9.10000 
2024 123  07:09:00.000000     104.40000      -8.90000 
2024 123  07:10:00.000000     104.50000      -8.70000 
2024 123  07:11:00.000000     104.70000      -8.60000 
2024 123  07:12:00.000000     104.80000      -8.40000 
2024 123  07:13:00.000000     105.00000      -8.20000 
2024 123  07:14:00.000000     105.10000      -8.00000 
2024 123  07:15:00.000000     105.20000      -7.80000 
2024 123  07:16:00.000000     105.40000      -7.60000 
2024 123  07:17:00.000000     105.50000      -7.50000 
2024 123  07:18:00.000000     105.70000      -7.30000 
2024 123  07:19:00.000000     105.80000      -7.10000 
2024 123  07:20:00.000000     106.00000      -6.90000 
2024 123  07:21:00.000000     106.10000      -6.70000 
2024 123  07:22:00.000000     106.30000      -6.60000 
2024 123  07:23:00.000000     106.40000      -6.40000 
2024 123  07:24:00.000000     106.60000      -6.20000 
2024 123  07:25:00.000000     106.70000      -6.00000 
2024 123  07:26:00.000000     106.90000      -5.80000 
2024 123  07:27:00.000000     107.00000      -5.70000 
2024 123  07:28:00.000000     107.20000      -5.50000 
2024 123  07:29:00.000000     107.30000      -5.30000 
2024 123  07:30:00.000000     107.50000      -5.10000 
2024 123  07:31:00.000000     107.60000      -4.90000 
2024 123  07:32:00.000000     107.80000      -4.80000 
2024 123  07:33:00.000000     107.90000      -4.60000 
2024 123  07:34:00.000000     108.10000      -4.40000 
2024 123  07:35:00.000000     108.20000      -4.20000 
2024 123  07:36:00.000000     108.30000      -4.10000 
2024 123  07:37:00.000000     108.50000      -3.90000 
2024 123  07:38:00.000000     108.60000      -3.70000 
2024 123  07:39:00.000000     108.80000      -3.50000 
2024 123  07:40:00.000000     108.90000      -3.30000 
2024 123  07:41:00.000000     109.10000      -3.20000 
2024 123  07:42:00.000000     109.20000      -3.00000 
2024 123  07:43:00.000000     109.40000      -2.80000 
2024 123  07:44:00.000000     109.50000      -2.60000 
2024 123  07:45:00.000000     109.70000      -2.50000 
2024 123  07:46:00.000000     109.80000      -2.30000 
2024 123  07:47:00.000000     110.00000      -2.10000 
2024 123  07:48:00.000000     110.20000      -1.90000 
2024 123  07:49:00.000000     110.30000      -1.70000 
2024 123  07:50:00.000000     110.50000      -1.60000 
2024 123  07:51:00.000000     110.60000      -1.40000 
2024 123  07:52:00.000000     110.80000      -1.20000 
2024 123  07:53:00.000000     110.90000      -1.00000 
2024 123  07:54:00.000000     111.10000      -0.90000 
2024 123  07:55:00.000000     111.20000      -0.10000 
2024 123  07:56:00.000000     111.40000      0.00000 
2024 123  07:57:00.000000     111.50000      0.20000 
2024 123  07:58:00.000000     111.70000      0.30000 
2024 123  07:59:00.000000     111.80000      0.50000 
2024 123  08:00:00.000000     112.00000      0.60000 
2024 123  08:01:00.000000     112.10000      0.80000 
2024 123  08:02:00.000000     112.30000      0.90000 
2024 123  08:03:00.000000     112.40000      1.10000 
2024 123  08:04:00.000000     112.60000      1.30000 
2024 123  08:05:00.000000     112.80000      1.40000 
2024 123  08:06:00.000000     112.90000      1.60000 
2024 123  08:07:00.000000     113.10000      1.70000 
2024 123  08:08:00.000000     113.20000      1.90000 
2024 123  08:09:00.000000     113.40000      2.00000 
2024 123  08:10:00.000000     113.50000      2.20000 
2024 123  08:11:00.000000     113.70000      2.40000 
2024 123  08:12:00.000000     113.80000      2.50000 
2024 123  08:13:00.000000     114.00000      2.70000 
2024 123  08:14:00.000000     114.20000      2.90000 
2024 123  08:15:00.000000     114.30000      3.00000 
2024 123  08:16:00.000000     114.50000      3.20000 
2024 123  08:17:00.000000     114.60000      3.30000 
2024 123  08:18:00.000000     114.80000      3.50000 
2024 123  08:19:00.000000     114.90000      3.70000 
2024 123  08:20:00.000000     115.10000      3.80000 
2024 123  08:21:00.000000     115.30000      4.00000 
2024 123  08:22:00.000000     115.40000      4.20000 
2024 123  08:23:00.000000     115.60000      4.30000 
2024 123  08:24:00.000000     115.70000      4.50000 
2024 123  08:25:00.000000     115.90000      4.70000 
2024 123  08:26:00.000000     116.10000      4.80000 
2024 123  08:27:00.000000     116.20000      5.00000 
2024 123  08:28:00.000000     116.40000      5.10000 
2024 123  08:29:00.000000     116.50000      5.30000 
2024 123  08:30:00.000000     116.70000      5.50000 
2024 123  08:31:00.000000     116.90000      5.60000 
2024 123  08:32:00.000000     117.00000      5.80000 
2024 123  08:33:00.000000     117.20000      6.00000 
2024 123  08:34:00.000000     117.40000      6.10000 
2024 123  08:35:00.000000     117.50000      6.30000 
2024 123  08:36:00.000000     117.70000      6.50000 
2024 123  08:37:00.000000     117.80000      6.60000 
2024 123  08:38:00.000000     118.00000      6.80000 
2024 123  08:39:00.000000     118.20000      6.90000 
2024 123  08:40:00.000000     118.30000      7.10000 
2024 123  08:41:00.000000     118.50000      7.30000 
2024 123  08:42:00.000000     118.70000      7.40000 
2024 123  08:43:00.000000     118.80000      7.60000 
2024 123  08:44:00.000000     119.00000      7.80000 
2024 123  08:45:00.000000     119.20000      7.90000 
2024 123  08:46:00.000000     119.30000      8.10000 
2024 123  08:47:00.000000     119.50000      8.20000 
2024 123  08:48:00.000000     119.70000      8.40000 
2024 123  08:49:00.000000     119.80000      8.60000 
2024 123  08:50:00.000000     120.00000      8.70000 
2024 123  08:51:00.000000     120.20000      8.90000 
2024 123  08:52:00.000000     120.30000      9.10000 
2024 123  08:53:00.000000     120.50000      9.20000 
2024 123  08:54:00.000000     120.70000      9.40000 
2024 123  08:55:00.000000     120.90000      9.50000 
2024 123  08:56:00.000000     121.00000      9.70000 
2024 123  08:57:00.000000     121.20000      9.90000 
2024 123  08:58:00.000000     121.40000      10.00000 
2024 123  08:59:00.000000     121.50000      10.20000 
2024 123  09:00:00.000000     121.70000      10.30000 
2024 123  09:01:00.000000     121.90000      10.50000 
2024 123  09:02:00.000000     122.10000      10.70000 
2024 123  09:03:00.000000     122.20000      10.80000 
2024 123  09:04:00.000000     122.40000      11.00000 
2024 123  09:05:00.000000     122.60000      11.10000 
2024 123  09:06:00.000000     122.70000      11.30000 
2024 123  09:07:00.000000     122.90000      11.40000 
2024 123  09:08:00.000000     123.10000      11.60000 
2024 123  09:09:00.000000     123.30000      11.80000 
2024 123  09:10:00.000000     123.40000      11.90000 
2024 123  09:11:00.000000     123.60000      12.10000 
2024 123  09:12:00.000000     123.80000      12.20000 
2024 123  09:13:00.000000     124.00000      12.40000 
2024 123  09:14:00.000000     124.20000      12.50000 
2024 123  09:15:00.000000     124.30000      12.70000 
2024 123  09:16:00.000000     124.50000      12.80000 
2024 123  09:17:00.000000     124.70000      13.00000 
2024 123  09:18:00.000000     124.90000      13.10000 
2024 123  09:19:00.000000     125.00000      13.30000 
2024 123  09:20:00.000000     125.20000      13.50000 
2024 123  09:21:00.000000     125.40000      13.60000 
2024 123  09:22:00.000000     125.60000      13.80000 
2024 123  09:23:00.000000     125.80000      13.90000 
2024 123  09:24:00.000000     125.90000      14.10000 
2024 123  09:25:00.000000     126.10000      14.20000 
2024 123  09:26:00.000000     126.30000      14.40000 
2024 123  09:27:00.000000     126.50000      14.50000 
2024 123  09:28:00.000000     126.70000      14.70000 
2024 123  09:29:00.000000     126.90000      14.80000 
2024 123  09:30:00.000000     127.00000      15.00000 
2024 123  09:31:00.000000     127.20000      15.10000 
2024 123  09:32:00.000000     127.40000      15.30000 
2024 123  09:33:00.000000     127.60000      15.40000 
2024 123  09:34:00.000000     127.80000      15.60000 
2024 123  09:35:00.000000     128.00000      15.70000 
2024 123  09:36:00.000000     128.20000      15.90000 
2024 123  09:37:00.000000     128.40000      16.00000 
2024 123  09:38:00.000000     128.50000      16.10000 
2024 123  09:39:00.000000     128.70000      16.30000 
2024 123  09:40:00.000000     128.90000      16.40000 
2024 123  09:41:00.000000     129.10000      16.60000 
2024 123  09:42:00.000000     129.30000      16.70000 
2024 123  09:43:00.000000     129.50000      16.90000 
2024 123  09:44:00.000000     129.70000      17.00000 
2024 123  09:45:00.000000     129.90000      17.20000 
2024 123  09:46:00.000000     130.10000      17.30000 
2024 123  09:47:00.000000     130.30000      17.40000 
2024 123  09:48:00.000000     130.40000      17.60000 
2024 123  09:49:00.000000     130.60000      17.70000 
2024 123  09:50:00.000000     130.80000      17.90000 
2024 123  09:51:00.000000     131.00000      18.00000 
2024 123  09:52:00.000000     131.20000      18.20000 
2024 123  09:53:00.000000     131.40000      18.30000 
2024 123  09:54:00.000000     131.60000      18.40000 
2024 123  09:55:00.000000     131.80000      18.60000 
2024 123  09:56:00.000000     132.00000      18.70000 
2024 123  09:57:00.000000     132.20000      18.90000 
2024 123  09:58:00.000000     132.40000      19.00000 
2024 123  09:59:00.000000     132.60000      19.10000 
2024 123  10:00:00.000000     132.80000      19.30000 
2024 123  10:01:00.000000     133.00000      19.40000 
2024 123  10:02:00.000000     133.20000      19.50000 
2024 123  10:03:00.000000     133.40000      19.70000 
2024 123  10:04:00.000000     133.60000      19.80000 
2024 123  10:05:00.000000     133.80000      20.00000 
2024 123  10:06:00.000000     134.00000      20.10000 
2024 123  10:07:00.000000     134.20000      20.20000 
2024 123  10:08:00.000000     134.40000      20.40000 
2024 123  10:09:00.000000     134.60000      20.50000 
2024 123  10:10:00.000000     134.80000      20.60000 
2024 123  10:11:00.000000     135.00000      20.80000 
2024 123  10:12:00.000000     135.20000      20.90000 
2024 123  10:13:00.000000     135.40000      21.00000 
2024 123  10:14:00.000000     135.60000      21.10000 
2024 123  10:15:00.000000     135.90000      21.30000 
2024 123  10:16:00.000000     136.10000      21.40000 
2024 123  10:17:00.000000     136.30000      21.50000 
2024 123  10:18:00.000000     136.50000      21.70000 
2024 123  10:19:00.000000     136.70000      21.80000 
2024 123  10:20:00.000000     136.90000      21.90000 
2024 123  10:21:00.000000     137.10000      22.10000 
2024 123  10:22:00.000000     137.30000      22.20000 
2024 123  10:23:00.000000     137.50000      22.30000 
2024 123  10:24:00.000000     137.70000      22.40000 
2024 123  10:25:00.000000     138.00000      22.60000 
2024 123  10:26:00.000000     138.20000      22.70000 
2024 123  10:27:00.000000     138.40000      22.80000 
2024 123  10:28:00.000000     138.60000      22.90000 
2024 123  10:29:00.000000     138.80000      23.10000 
2024 123  10:30:00.000000     139.00000      23.20000 
2024 123  10:31:00.000000     139.20000      23.30000 
2024 123  10:32:00.000000     139.50000      23.40000 
2024 123  10:33:00.000000     139.70000      23.50000 
2024 123  10:34:00.000000     139.90000      23.70000 
2024 123  10:35:00.000000     140.10000      23.80000 
2024 123  10:36:00.000000     140.30000      23.90000 
2024 123  10:37:00.000000     140.50000      24.00000 
2024 123  10:38:00.000000     140.80000      24.10000 
2024 123  10:39:00.000000     141.00000      24.30000 
2024 123  10:40:00.000000     141.20000      24.40000 
2024 123  10:41:00.000000     141.40000      24.50000 
2024 123  10:42:00.000000     141.70000      24.60000 
2024 123  10:43:00.000000     141.90000      24.70000 
2024 123  10:44:00.000000     142.10000      24.80000 
2024 123  10:45:00.000000     142.30000      25.00000 
2024 123  10:46:00.000000     142.50000      25.10000 
2024 123  10:47:00.000000     142.80000      25.20000 
2024 123  10:48:00.000000     143.00000      25.30000 
2024 123  10:49:00.000000     143.20000      25.40000 
2024 123  10:50:00.000000     143.50000      25.50000 
2024 123  10:51:00.000000     143.70000      25.60000 
2024 123  10:52:00.000000     143.90000      25.70000 
2024 123  10:53:00.000000     144.10000      25.80000 
2024 123  10:54:00.000000     144.40000      26.00000 
2024 123  10:55:00.000000     144.60000      26.10000 
2024 123  10:56:00.000000     144.80000      26.20000 
2024 123  10:57:00.000000     145.10000      26.30000 
2024 123  10:58:00.000000     145.30000      26.40000 
2024 123  10:59:00.000000     145.50000      26.50000 
2024 123  11:00:00.000000     145.80000      26.60000 
2024 123  11:01:00.000000     146.00000      26.70000 
2024 123  11:02:00.000000     146.20000      26.80000 
2024 123  11:03:00.000000     146.50000      26.90000 
2024 123  11:04:00.000000     146.70000      27.00000 
2024 123  11:05:00.000000     146.90000      27.10000 
2024 123  11:06:00.000000     147.20000      27.20000 
2024 123  11:07:00.000000     147.40000      27.30000 
2024 123  11:08:00.000000     147.60000      27.40000 
2024 123  11:09:00.000000     147.90000      27.50000 
2024 123  11:10:00.000000     148.10000      27.60000 
2024 123  11:11:00.000000     148.40000      27.70000 
2024 123  11:12:00.000000     148.60000      27.80000 
2024 123  11:13:00.000000     148.80000      27.90000 
2024 123  11:14:00.000000     149.10000      28.00000 
2024 123  11:15:00.000000     149.30000      28.10000 
2024 123  11:16:00.000000     149.60000      28.20000 
2024 123  11:17:00.000000     149.80000      28.30000 
2024 123  11:18:00.000000     150.00000      28.40000 
2024 123  11:19:00.000000     150.30000      28.50000 
2024 123  11:20:00.000000     150.50000      28.60000 
2024 123  11:21:00.000000     150.80000      28.60000 
2024 123  11:22:00.000000     151.00000      28.70000 
2024 123  11:23:00.000000     151.30000      28.80000 
2024 123  11:24:00.000000     151.50000      28.90000 
2024 123  11:25:00.000000     151.80000      29.00000 
2024 123  11:26:00.000000     152.00000      29.10000 
2024 123  11:27:00.000000     152.30000      29.20000 
2024 123  11:28:00.000000     152.50000      29.30000 
2024 123  11:29:00.000000     152.80000      29.30000 
2024 123  11:30:00.000000     153.00000      29.40000 
2024 123  11:31:00.000000     153.30000      29.50000 
2024 123  11:32:00.000000     153.50000      29.60000 
2024 123  11:33:00.000000     153.80000      29.70000 
2024 123  11:34:00.000000     154.00000      29.80000 
2024 123  11:35:00.000000     154.30000      29.80000 
2024 123  11:36:00.000000     154.50000      29.90000 
2024 123  11:37:00.000000     154.80000      30.00000 
2024 123  11:38:00.000000     155.00000      30.10000 
2024 123  11:39:00.000000     155.30000      30.20000 
2024 123  11:40:00.000000     155.50000      30.20000 
2024 123  11:41:00.000000     155.80000      30.30000 
2024 123  11:42:00.000000     156.00000      30.40000 
2024 123  11:43:00.000000     156.30000      30.50000 
2024 123  11:44:00.000000     156.60000      30.50000 
2024 123  11:45:00.000000     156.80000      30.60000 
2024 123  11:46:00.000000     157.10000      30.70000 
2024 123  11:47:00.000000     157.30000      30.70000 
2024 123  11:48:00.000000     157.60000      30.80000 
2024 123  11:49:00.000000     157.80000      30.90000 
2024 123  11:50:00.000000     158.10000      31.00000 
2024 123  11:51:00.000000     158.40000      31.00000 
2024 123  11:52:00.000000     158.60000      31.10000 
2024 123  11:53:00.000000     158.90000      31.20000 
2024 123  11:54:00.000000     159.10000      31.20000 
2024 123  11:55:00.000000     159.40000      31.30000 
2024 123  11:56:00.000000     159.70000      31.30000 
2024 123  11:57:00.000000     159.90000      31.40000 
2024 123  11:58:00.000000     160.20000      31.50000 
2024 123  11:59:00.000000     160.50000      31.50000 
2024 123  12:00:00.000000     160.70000      31.60000 
2024 123  12:01:00.000000     161.00000      31.70000 
2024 123  12:02:00.000000     161.30000      31.70000 
2024 123  12:03:00.000000     161.50000      31.80000 
2024 123  12:04:00.000000     161.80000      31.80000 
2024 123  12:05:00.000000     162.10000      31.90000 
2024 123  12:06:00.000000     162.30000      31.90000 
2024 123  12:07:00.000000     162.60000      32.00000 
2024 123  12:08:00.000000     162.90000      32.00000 
2024 123  12:09:00.000000     163.10000      32.10000 
2024 123  12:10:00.000000     163.40000      32.10000 
2024 123  12:11:00.000000     163.70000      32.20000 
2024 123  12:12:00.000000     163.90000      32.30000 
2024 123  12:13:00.000000     164.20000      32.30000 
2024 123  12:14:00.000000     164.50000      32.30000 
2024 123  12:15:00.000000     164.70000      32.40000 
2024 123  12:16:00.000000     165.00000      32.40000 
2024 123  12:17:00.000000     165.30000      32.50000 
2024 123  12:18:00.000000     165.60000      32.50000 
2024 123  12:19:00.000000     165.80000      32.60000 
2024 123  12:20:00.000000     166.10000      32.60000 
2024 123  12:21:00.000000     166.40000      32.70000 
2024 123  12:22:00.000000     166.60000      32.70000 
2024 123  12:23:00.000000     166.90000      32.70000 
2024 123  12:24:00.000000     167.20000      32.80000 
2024 123  12:25:00.000000     167.50000      32.80000 
2024 123  12:26:00.000000     167.70000      32.90000 
2024 123  12:27:00.000000     168.00000      32.90000 
2024 123  12:28:00.000000     168.30000      32.90000 
2024 123  12:29:00.000000     168.60000      33.00000 
2024 123  12:30:00.000000     168.80000      33.00000 
2024 123  12:31:00.000000     169.10000      33.00000 
2024 123  12:32:00.000000     169.40000      33.10000 
2024 123  12:33:00.000000     169.70000      33.10000 
2024 123  12:34:00.000000     169.90000      33.10000 
2024 123  12:35:00.000000     170.20000      33.20000 
2024 123  12:36:00.000000     170.50000      33.20000 
2024 123  12:37:00.000000     170.80000      33.20000 
2024 123  12:38:00.000000     171.00000      33.20000 
2024 123  12:39:00.000000     171.30000      33.30000 
2024 123  12:40:00.000000     171.60000      33.30000 
2024 123  12:41:00.000000     171.90000      33.30000 
2024 123  12:42:00.000000     172.20000      33.30000 
2024 123  12:43:00.000000     172.40000      33.40000 
2024 123  12:44:00.000000     172.70000      33.40000 
2024 123  12:45:00.000000     173.00000      33.40000 
2024 123  12:46:00.000000     173.30000      33.40000 
2024 123  12:47:00.000000     173.60000      33.40000 
2024 123  12:48:00.000000     173.80000      33.50000 
2024 123  12:49:00.000000     174.10000      33.50000 
2024 123  12:50:00.000000     174.40000      33.50000 
2024 123  12:51:00.000000     174.70000      33.50000 
2024 123  12:52:00.000000     174.90000      33.50000 
2024 123  12:53:00.000000     175.20000      33.50000 
2024 123  12:54:00.000000     175.50000      33.50000 
2024 123  12:55:00.000000     175.80000      33.60000 
2024 123  12:56:00.000000     176.10000      33.60000 
2024 123  12:57:00.000000     176.30000      33.60000 
2024 123  12:58:00.000000     176.60000      33.60000 
2024 123  12:59:00.000000     176.90000      33.60000 
2024 123  13:00:00.000000     177.20000      33.60000 
2024 123  13:01:00.000000     177.50000      33.60000 
2024 123  13:02:00.000000     177.70000      33.60000 
2024 123  13:03:00.000000     178.00000      33.60000 
2024 123  13:04:00.000000     178.30000      33.60000 
2024 123  13:05:00.000000     178.60000      33.60000 
2024 123  13:06:00.000000     178.90000      33.60000 
2024 123  13:07:00.000000     179.10000      33.60000 
2024 123  13:08:00.000000     179.40000      33.60000 
2024 123  13:09:00.000000     179.70000      33.60000 
2024 123  13:10:00.000000     180.00000      33.60000 
2024 123  13:11:00.000000     180.30000      33.60000 
2024 123  13:12:00.000000     180.50000      33.60000 
2024 123  13:13:00.000000     180.80000      33.60000 
2024 123  13:14:00.000000     181.10000      33.60000 
2024 123  13:15:00.000000     181.40000      33.60000 
2024 123  13:16:00.000000     181.70000      33.60000 
2024 123  13:17:00.000000     181.90000      33.60000 
2024 123  13:18:00.000000     182.20000      33.60000 
2024 123  13:19:00.000000     182.50000      33.50000 
2024 123  13:20:00.000000     182.80000      33.50000 
2024 123  13:21:00.000000     183.10000      33.50000 
2024 123  13:22:00.000000     183.30000      33.50000 
2024 123  13:23:00.000000     183.60000      33.50000 
2024 123  13:24:00.000000     183.90000      33.50000 
2024 123  13:25:00.000000     184.20000      33.50000 
2024 123  13:26:00.000000     184.40000      33.40000 
2024 123  13:27:00.000000     184.70000      33.40000 
2024 123  13:28:00.000000     185.00000      33.40000 
2024 123  13:29:00.000000     185.30000      33.40000 
2024 123  13:30:00.000000     185.60000      33.40000 
2024 123  13:31:00.000000     185.80000      33.30000 
2024 123  13:32:00.000000     186.10000      33.30000 
2024 123  13:33:00.000000     186.40000      33.30000 
2024 123  13:34:00.000000     186.70000      33.30000 
2024 123  13:35:00.000000     186.90000      33.20000 
2024 123  13:36:00.000000     187.20000      33.20000 
2024 123  13:37:00.000000     187.50000      33.20000 
2024 123  13:38:00.000000     187.80000      33.20000 
2024 123  13:39:00.000000     188.10000      33.10000 
2024 123  13:40:00.000000     188.30000      33.10000 
2024 123  13:41:00.000000     188.60000      33.10000 
2024 123  13:42:00.000000     188.90000      33.00000 
2024 123  13:43:00.000000     189.20000      33.00000 
2024 123  13:44:00.000000     189.40000      33.00000 
2024 123  13:45:00.000000     189.70000      32.90000 
2024 123  13:46:00.000000     190.00000      32.90000 
2024 123  13:47:00.000000     190.20000      32.90000 
2024 123  13:48:00.000000     190.50000      32.80000 
2024 123  13:49:00.000000     190.80000      32.80000 
2024 123  13:50:00.000000     191.10000      32.70000 
2024 123  13:51:00.000000     191.30000      32.70000 
2024 123  13:52:00.000000     191.60000      32.70000 
2024 123  13:53:00.000000     191.90000      32.60000 
2024 123  13:54:00.000000     192.20000      32.60000 
2024 123  13:55:00.000000     192.40000      32.50000 
2024 123  13:56:00.000000     192.70000      32.50000 
2024 123  13:57:00.000000     193.00000      32.40000 
2024 123  13:58:00.000000     193.20000      32.40000 
2024 123  13:59:00.000000     193.50000      32.30000 
2024 123  14:00:00.000000     193.80000      32.30000 
2024 123  14:01:00.000000     194.00000      32.20000 
2024 123  14:02:00.000000     194.30000      32.20000 
2024 123  14:03:00.000000     194.60000      32.10000 
2024 123  14:04:00.000000     194.90000      32.10000 
2024 123  14:05:00.000000     195.10000      32.00000 
2024 123  14:06:00.000000     195.40000      32.00000 
2024 123  14:07:00.000000     195.70000      31.90000 
2024 123  14:08:00.000000     195.90000      31.90000 
2024 123  14:09:00.000000     196.20000      31.80000 
2024 123  14:10:00.000000     196.50000      31.80000 
2024 123  14:11:00.000000     196.70000      31.70000 
2024 123  14:12:00.000000     197.00000      31.60000 
2024 123  14:13:00.000000     197.20000      31.60000 
2024 123  14:14:00.000000     197.50000      31.50000 
2024 123  14:15:00.000000     197.80000      31.50000 
2024 123  14:16:00.000000     198.00000      31.40000 
2024 123  14:17:00.000000     198.30000      31.30000 
2024 123  14:18:00.000000     198.60000      31.30000 
2024 123  14:19:00.000000     198.80000      31.20000 
2024 123  14:20:00.000000     199.10000      31.10000 
2024 123  14:21:00.000000     199.30000      31.10000 
2024 123  14:22:00.000000     199.60000      31.00000 
2024 123  14:23:00.000000     199.90000      30.90000 
2024 123  14:24:00.000000     200.10000      30.90000 
2024 123  14:25:00.000000     200.40000      30.80000 
2024 123  14:26:00.000000     200.60000      30.70000 
2024 123  14:27:00.000000     200.90000      30.70000 
2024 123  14:28:00.000000     201.10000      30.60000 
2024 123  14:29:00.000000     201.40000      30.50000 
2024 123  14:30:00.000000     201.70000      30.40000 
2024 123  14:31:00.000000     201.90000      30.40000 
2024 123  14:32:00.000000     202.20000      30.30000 
2024 123  14:33:00.000000     202.40000      30.20000 
2024 123  14:34:00.000000     202.70000      30.10000 
2024 123  14:35:00.000000     202.90000      30.10000 
2024 123  14:36:00.000000     203.20000      30.00000 
2024 123  14:37:00.000000     203.40000      29.90000 
2024 123  14:38:00.000000     203.70000      29.80000 
2024 123  14:39:00.000000     203.90000      29.70000 
2024 123  14:40:00.000000     204.20000      29.70000 
2024 123  14:41:00.000000     204.40000      29.60000 
2024 123  14:42:00.000000     204.70000      29.50000 
2024 123  14:43:00.000000     204.90000      29.40000 
2024 123  14:44:00.000000     205.20000      29.30000 
2024 123  14:45:00.000000     205.40000      29.20000 
2024 123  14:46:00.000000     205.70000      29.20000 
2024 123  14:47:00.000000     205.90000      29.10000 
2024 123  14:48:00.000000     206.20000      29.00000 
2024 123  14:49:00.000000     206.40000      28.90000 
2024 123  14:50:00.000000     206.70000      28.80000 
2024 123  14:51:00.000000     206.90000      28.70000 
2024 123  14:52:00.000000     207.20000      28.60000 
2024 123  14:53:00.000000     207.40000      28.50000 
2024 123  14:54:00.000000     207.60000      28.40000 
2024 123  14:55:00.000000     207.90000      28.40000 
2024 123  14:56:00.000000     208.10000      28.30000 
2024 123  14:57:00.000000     208.40000      28.20000 
2024 123  14:58:00.000000     208.60000      28.10000 
2024 123  14:59:00.000000     208.80000      28.00000 
2024 123  15:00:00.000000     209.10000      27.90000 
2024 123  15:01:00.000000     209.30000      27.80000 
2024 123  15:02:00.000000     209.60000      27.70000 
2024 123  15:03:00.000000     209.80000      27.60000 
2024 123  15:04:00.000000     210.00000      27.50000 
2024 123  15:05:00.000000     210.30000      27.40000 
2024 123  15:06:00.000000     210.50000      27.30000 
2024 123  15:07:00.000000     210.70000      27.20000 
2024 123  15:08:00.000000     211.00000      27.10000 
2024 123  15:09:00.000000     211.20000      27.00000 
2024 123  15:10:00.000000     211.40000      26.90000 
2024 123  15:11:00.000000     211.70000      26.80000 
2024 123  15:12:00.000000     211.90000      26.70000 
2024 123  15:13:00.000000     212.10000      26.60000 
2024 123  15:14:00.000000     212.40000      26.50000 
2024 123  15:15:00.000000     212.60000      26.40000 
2024 123  15:16:00.000000     212.80000      26.30000 
2024 123  15:17:00.000000     213.10000      26.10000 
2024 123  15:18:00.000000     213.30000      26.00000 
2024 123  15:19:00.000000     213.50000      25.90000 
2024 123  15:20:00.000000     213.80000      25.80000 
2024 123  15:21:00.000000     214.00000      25.70000 
2024 123  15:22:00.000000     214.20000      25.60000 
2024 123  15:23:00.000000     214.40000      25.50000 
2024 123  15:24:00.000000     214.70000      25.40000 
2024 123  15:25:00.000000     214.90000      25.30000 
2024 123  15:26:00.000000     215.10000      25.20000 
2024 123  15:27:00.000000     215.30000      25.00000 
2024 123  15:28:00.000000     215.60000      24.90000 
2024 123  15:29:00.000000     215.80000      24.80000 
2024 123  15:30:00.000000     216.00000      24.70000 
2024 123  15:31:00.000000     216.20000      24.60000 
2024 123  15:32:00.000000     216.40000      24.50000 
2024 123  15:33:00.000000     216.70000      24.40000 
2024 123  15:34:00.000000     216.90000      24.20000 
2024 123  15:35:00.000000     217.10000      24.10000 
2024 123  15:36:00.000000     217.30000      24.00000 
2024 123  15:37:00.000000     217.50000      23.90000 
2024 123  15:38:00.000000     217.70000      23.80000 
2024 123  15:39:00.000000     218.00000      23.60000 
2024 123  15:40:00.000000     218.20000      23.50000 
2024 123  15:41:00.000000     218.40000      23.40000 
2024 123  15:42:00.000000     218.60000      23.30000 
2024 123  15:43:00.000000     218.80000      23.20000 
2024 123  15:44:00.000000     219.00000      23.00000 
2024 123  15:45:00.000000     219.20000      22.90000 
2024 123  15:46:00.000000     219.50000      22.80000 
2024 123  15:47:00.000000     219.70000      22.70000 
2024 123  15:48:00.000000     219.90000      22.50000 
2024 123  15:49:00.000000     220.10000      22.40000 
2024 123  15:50:00.000000     220.30000      22.30000 
2024 123  15:51:00.000000     220.50000      22.20000 
2024 123  15:52:00.000000     220.70000      22.00000 
2024 123  15:53:00.000000     220.90000      21.90000 
2024 123  15:54:00.000000     221.10000      21.80000 
2024 123  15:55:00.000000     221.30000      21.60000 
2024 123  15:56:00.000000     221.60000      21.50000 
2024 123  15:57:00.000000     221.80000      21.40000 
2024 123  15:58:00.000000     222.00000      21.30000 
2024 123  15:59:00.000000     222.20000      21.10000 
2024 123  16:00:00.000000     222.40000      21.00000 
2024 123  16:01:00.000000     222.60000      20.90000 
2024 123  16:02:00.000000     222.80000      20.70000 
2024 123  16:03:00.000000     223.00000      20.60000 
2024 123  16:04:00.000000     223.20000      20.50000 
2024 123  16:05:00.000000     223.40000      20.30000 
2024 123  16:06:00.000000     223.60000      20.20000 
2024 123  16:07:00.000000     223.80000      20.10000 
2024 123  16:08:00.000000     224.00000      19.90000 
2024 123  16:09:00.000000     224.20000      19.80000 
2024 123  16:10:00.000000     224.40000      19.70000 
2024 123  16:11:00.000000     224.60000      19.50000 
2024 123  16:12:00.000000     224.80000      19.40000 
2024 123  16:13:00.000000     225.00000      19.20000 
2024 123  16:14:00.000000     225.20000      19.10000 
2024 123  16:15:00.000000     225.40000      19.00000 
2024 123  16:16:00.000000     225.60000      18.80000 
2024 123  16:17:00.000000     225.80000      18.70000 
2024 123  16:18:00.000000     226.00000      18.50000 
2024 123  16:19:00.000000     226.10000      18.40000 
2024 123  16:20:00.000000     226.30000      18.30000 
2024 123  16:21:00.000000     226.50000      18.10000 
2024 123  16:22:00.000000     226.70000      18.00000 
2024 123  16:23:00.000000     226.90000      17.80000 
2024 123  16:24:00.000000     227.10000      17.70000 
2024 123  16:25:00.000000     227.30000      17.60000 
2024 123  16:26:00.000000     227.50000      17.40000 
2024 123  16:27:00.000000     227.70000      17.30000 
2024 123  16:28:00.000000     227.90000      17.10000 
2024 123  16:29:00.000000     228.10000      17.00000 
2024 123  16:30:00.000000     228.20000      16.80000 
2024 123  16:31:00.000000     228.40000      16.70000 
2024 123  16:32:00.000000     228.60000      16.60000 
2024 123  16:33:00.000000     228.80000      16.40000 
2024 123  16:34:00.000000     229.00000      16.30000 
2024 123  16:35:00.000000     229.20000      16.10000 
2024 123  16:36:00.000000     229.40000      16.00000 
2024 123  16:37:00.000000     229.50000      15.80000 
2024 123  16:38:00.000000     229.70000      15.70000 
2024 123  16:39:00.000000     229.90000      15.50000 
2024 123  16:40:00.000000     230.10000      15.40000 
2024 123  16:41:00.000000     230.30000      15.20000 
2024 123  16:42:00.000000     230.50000      15.10000 
2024 123  16:43:00.000000     230.60000      14.90000 
2024 123  16:44:00.000000     230.80000      14.80000 
2024 123  16:45:00.000000     231.00000      14.60000 
2024 123  16:46:00.000000     231.20000      14.50000 
2024 123  16:47:00.000000     231.40000      14.30000 
2024 123  16:48:00.000000     231.50000      14.20000 
2024 123  16:49:00.000000     231.70000      14.00000 
2024 123  16:50:00.000000     231.90000      13.90000 
2024 123  16:51:00.000000     232.10000      13.70000 
2024 123  16:52:00.000000     232.30000      13.60000 
2024 123  16:53:00.000000     232.40000      13.40000 
2024 123  16:54:00.000000     232.60000      13.30000 
2024 123  16:55:00.000000     232.80000      13.10000 
2024 123  16:56:00.000000     233.00000      13.00000 
2024 123  16:57:00.000000     233.10000      12.80000 
2024 123  16:58:00.000000     233.30000      12.60000 
2024 123  16:59:00.000000     233.50000      12.50000 
2024 123  17:00:00.000000     233.70000      12.30000 
2024 123  17:01:00.000000     233.80000      12.20000 
2024 123  17:02:00.000000     234.00000      12.00000 
2024 123  17:03:00.000000     234.20000      11.90000 
2024 123  17:04:00.000000     234.40000      11.70000 
2024 123  17:05:00.000000     234.50000      11.60000 
2024 123  17:06:00.000000     234.70000      11.40000 
2024 123  17:07:00.000000     234.90000      11.20000 
2024 123  17:08:00.000000     235.00000      11.10000 
2024 123  17:09:00.000000     235.20000      10.90000 
2024 123  17:10:00.000000     235.40000      10.80000 
2024 123  17:11:00.000000     235.50000      10.60000 
2024 123  17:12:00.000000     235.70000      10.40000 
2024 123  17:13:00.000000     235.90000      10.30000 
2024 123  17:14:00.000000     236.10000      10.10000 
2024 123  17:15:00.000000     236.20000      10.00000 
2024 123  17:16:00.000000     236.40000      9.80000 
2024 123  17:17:00.000000     236.60000      9.60000 
2024 123  17:18:00.000000     236.70000      9.50000 
2024 123  17:19:00.000000     236.90000      9.30000 
2024 123  17:20:00.000000     237.10000      9.20000 
2024 123  17:21:00.000000     237.20000      9.00000 
2024 123  17:22:00.000000     237.40000      8.80000 
2024 123  17:23:00.000000     237.50000      8.70000 
2024 123  17:24:00.000000     237.70000      8.50000 
2024 123  17:25:00.000000     237.90000      8.40000 
2024 123  17:26:00.000000     238.00000      8.20000 
2024 123  17:27:00.000000     238.20000      8.00000 
2024 123  17:28:00.000000     238.40000      7.90000 
2024 123  17:29:00.000000     238.50000      7.70000 
2024 123  17:30:00.000000     238.70000      7.50000 
2024 123  17:31:00.000000     238.90000      7.40000 
2024 123  17:32:00.000000     239.00000      7.20000 
2024 123  17:33:00.000000     239.20000      7.10000 
2024 123  17:34:00.000000     239.30000      6.90000 
2024 123  17:35:00.000000     239.50000      6.70000 
2024 123  17:36:00.000000     239.70000      6.60000 
2024 123  17:37:00.000000     239.80000      6.40000 
2024 123  17:38:00.000000     240.00000      6.20000 
2024 123  17:39:00.000000     240.10000      6.10000 
2024 123  17:40:00.000000     240.30000      5.90000 
2024 123  17:41:00.000000     240.40000      5.70000 
2024 123  17:42:00.000000     240.60000      5.60000 
2024 123  17:43:00.000000     240.80000      5.40000 
2024 123  17:44:00.000000     240.90000      5.30000 
2024 123  17:45:00.000000     241.10000      5.10000 
2024 123  17:46:00.000000     241.20000      4.90000 
2024 123  17:47:00.000000     241.40000      4.80000 
2024 123  17:48:00.000000     241.50000      4.60000 
2024 123  17:49:00.000000     241.70000      4.40000 
2024 123  17:50:00.000000     241.90000      4.30000 
2024 123  17:51:00.000000     242.00000      4.10000 
2024 123  17:52:00.000000     242.20000      3.90000 
2024 123  17:53:00.000000     242.30000      3.80000 
2024 123  17:54:00.000000     242.50000      3.60000 
2024 123  17:55:00.000000     242.60000      3.40000 
2024 123  17:56:00.000000     242.80000      3.30000 
2024 123  17:57:00.000000     242.90000      3.10000 
2024 123  17:58:00.000000     243.10000      2.90000 
2024 123  17:59:00.000000     243.20000      2.80000 
2024 123  18:00:00.000000     243.40000      2.60000 
2024 123  18:01:00.000000     243.50000      2.50000 
2024 123  18:02:00.000000     243.70000      2.30000 
2024 123  18:03:00.000000     243.80000      2.10000 
2024 123  18:04:00.000000     244.00000      2.00000 
2024 123  18:05:00.000000     244.10000      1.80000 
2024 123  18:06:00.000000     244.30000      1.70000 
2024 123  18:07:00.000000     244.40000      1.50000 
2024 123  18:08:00.000000     244.60000      1.30000 
2024 123  18:09:00.000000     244.70000      1.20000 
2024 123  18:10:00.000000     244.90000      1.00000 
2024 123  18:11:00.000000     245.00000      0.90000 
2024 123  18:12:00.000000     245.20000      0.70000 
2024 123  18:13:00.000000     245.30000      0.60000 
2024 123  18:14:00.000000     245.50000      0.40000 
2024 123  18:15:00.000000     245.60000      0.30000 
2024 123  18:16:00.000000     245.80000      0.10000 
2024 123  18:17:00.000000     245.90000      -0.00000 
2024 123  18:18:00.000000     246.10000      -0.80000 
2024 123  18:19:00.000000     246.20000      -1.00000 
2024 123  18:20:00.000000     246.40000      -1.10000 
2024 123  18:21:00.000000     246.50000      -1.30000 
2024 123  18:22:00.000000     246.70000      -1.50000 
2024 123  18:23:00.000000     246.80000      -1.70000 
2024 123  18:24:00.000000     247.00000      -1.80000 
2024 123  18:25:00.000000     247.10000      -2.00000 
2024 123  18:26:00.000000     247.30000      -2.20000 
2024 123  18:27:00.000000     247.40000      -2.40000 
2024 123  18:28:00.000000     247.50000      -2.50000 
2024 123  18:29:00.000000     247.70000      -2.70000 
2024 123  18:30:00.000000     247.80000      -2.90000 
2024 123  18:31:00.000000     248.00000      -3.10000 
2024 123  18:32:00.000000     248.10000      -3.30000 
2024 123  18:33:00.000000     248.30000      -3.40000 
2024 123  18:34:00.000000     248.40000      -3.60000 
2024 123  18:35:00.000000     248.60000      -3.80000 
2024 123  18:36:00.000000     248.70000      -4.00000 
2024 123  18:37:00.000000     248.80000      -4.20000 
2024 123  18:38:00.000000     249.00000      -4.30000 
2024 123  18:39:00.000000     249.10000      -4.50000 
2024 123  18:40:00.000000     249.30000      -4.70000 
2024 123  18:41:00.000000     249.40000      -4.90000 
2024 123  18:42:00.000000     249.60000      -5.00000 
2024 123  18:43:00.000000     249.70000      -5.20000 
2024 123  18:44:00.000000     249.80000      -5.40000 
2024 123  18:45:00.000000     250.00000      -5.60000 
2024 123  18:46:00.000000     250.10000      -5.80000 
2024 123  18:47:00.000000     250.30000      -6.00000 
2024 123  18:48:00.000000     250.40000      -6.10000 
2024 123  18:49:00.000000     250.50000      -6.30000 
2024 123  18:50:00.000000     250.70000      -6.50000 
2024 123  18:51:00.000000     250.80000      -6.70000 
2024 123  18:52:00.000000     251.00000      -6.90000 
2024 123  18:53:00.000000     251.10000      -7.00000 
2024 123  18:54:00.000000     251.30000      -7.20000 
2024 123  18:55:00.000000     251.40000      -7.40000 
2024 123  18:56:00.000000     251.50000      -7.60000 
2024 123  18:57:00.000000     251.70000      -7.80000 
2024 123  18:58:00.000000     251.80000      -7.90000 
2024 123  18:59:00.000000     252.00000      -8.10000 
2024 123  19:00:00.000000     252.10000      -8.30000 
2024 123  19:01:00.000000     252.20000      -8.50000 
2024 123  19:02:00.000000     252.40000      -8.70000 
2024 123  19:03:00.000000     252.50000      -8.90000 
2024 123  19:04:00.000000     252.60000      -9.00000 
2024 123  19:05:00.000000     252.80000      -9.20000 
2024 123  19:06:00.000000     252.90000      -9.40000 
2024 123  19:07:00.000000     253.10000      -9.60000 
2024 123  19:08:00.000000     253.20000      -9.80000 
2024 123  19:09:00.000000     253.30000      -10.00000 
2024 123  19:10:00.000000     253.50000      -10.10000 
2024 123  19:11:00.000000     253.60000      -10.30000 
2024 123  19:12:00.000000     253.80000      -10.50000 
2024 123  19:13:00.000000     253.90000      -10.70000 
2024 123  19:14:00.000000     254.00000      -10.90000 
2024 123  19:15:00.000000     254.20000      -11.10000 
2024 123  19:16:00.000000     254.30000      -11.20000 
2024 123  19:17:00.000000     254.40000      -11.40000 
2024 123  19:18:00.000000     254.60000      -11.60000 
2024 123  19:19:00.000000     254.70000      -11.80000 
2024 123  19:20:00.000000     254.90000      -12.00000 